158
0, 0;
3;
3;
3;
0;
3;
3;
2;
3;
3;
0;
0;
0;
0;
0;
0;
0;
0;
0;
0;
3;
3;
2;
2;
2;
2;
2;
take product #2;
0;
0;
0;
0;
0;
1;
1;
2;
2;
2;
2;
2;
2;
2;
2;
2;
2;
1;
1;
0;
0;
0;
1;
1;
0;
0;
3;
3;
0;
0;
1;
1;
0;
1;
1;
1;
0;
0;
3;
3;
3;
0;
0;
0;
0;
take product #4;
0;
0;
3;
3;
3;
0;
0;
0;
0;
take product #1;
2;
2;
2;
2;
2;
take product #5;
3;
3;
3;
3;
3;
3;
3;
0;
0;
0;
0;
0;
1;
1;
1;
1;
1;
1;
1;
1;
2;
2;
1;
1;
1;
2;
2;
2;
2;
2;
2;
2;
2;
2;
2;
1;
1;
1;
2;
2;
2;
2;
2;
2;
3;
3;
3;
2;
3;
3;
2;
2;
1;
1;
2;
1;
1;
1;
0;
0;
0;
take product #3;
1;
0;
1;
1;
1;
0;
0;
0;
0;
1;
1;
1;
